0 1
2 3
4 5
6 7
8 9
10 11
12 13
14 15
16 17
18 19
20 21
22 23
24 0
25 26
27 28
29 30
31 32
33 34
32 8
32 35
36 37
38 39
40 41
3 42
43 25
44 45
46 47
48 49
50 51
52 53
54 55
56 57
23 7
30 5
58 27
35 59
60 61
43 50
19 62
63 35
64 65
41 66
67 32
32 68
69 70
71 50
72 73
74 6
26 0
75 76
69 1
13 1
77 44
78 79
80 53
81 82
83 84
82 85
86 29
71 87
88 62
1 89
29 2
90 9
91 14
92 93
59 94
95 76
96 2
49 96
97 98
55 70
71 99
4 100
101 102
73 103
104 60
14 105
32 106
16 6
107 15
108 9
109 3
110 111
27 26
112 15
46 113
114 115
116 31
117 118
50 52
119 120
28 121
50 32
3 122
123 124
0 106
5 125
126 127
127 103
30 47
128 82
77 120
15 129
120 124
121 130
92 27
131 132
133 134
61 104
114 24
135 106
2 51
135 88
106 136
88 137
138 139
6 14
140 141
52 142
31 143
144 139
104 35
104 50
27 92
21 1
54 145
3 144
6 43
137 62
132 131
146 72
147 148
35 19
149 150
120 51
96 127
151 19
149 128
142 52
54 104
152 6
139 138
132 128
153 35
71 138
88 106
154 11
9 14
125 49
70 68
50 155
96 59
20 125
56 93
62 6
35 69
9 107
143 8
156 149
157 82
158 159
7 160
23 161
162 5
163 164
146 126
165 138
63 60
9 29
100 166
15 153
164 23
167 59
54 62
16 74
64 107
88 28
115 57
122 56
43 3
53 162
87 7
23 93
15 55
74 138
13 53
112 62
55 6
35 94
158 131
23 60
27 94
70 167
8 90
33 168
107 120
93 164
19 14
71 169
28 109
137 170
171 93
172 41
173 133
174 175
21 127
70 63
4 30
164 15
115 176
27 67
7 177
62 178
114 94
106 96
163 94
56 70
115 6
18 120
104 54
48 120
11 105
37 80
67 107
119 32
115 61
66 179
105 180
121 59
70 181
72 146
31 182
87 137
59 183
51 106
115 184
181 54
129 62
29 120
185 186
3 138
133 142
93 55
14 112
26 54
56 102
187 177
51 143
16 38
94 114
121 50
7 61
138 188
61 153
22 61
7 98
36 100
162 80
160 189
68 43
78 158
6 160
190 191
117 132
93 35
177 53
89 1
192 193
194 195
79 78
23 167
9 51
87 196
59 106
125 30
150 197
85 197
15 99
105 20
50 102
6 109
41 198
185 9
3 54
173 124
199 33
167 7
92 121
146 127
156 200
94 28
136 70
56 107
24 201
103 142
120 1
14 202
54 43
130 121
203 128
7 29
152 74
14 0
120 119
35 152
98 164
92 161
35 90
23 115
6 107
57 56
26 135
100 53
204 33
55 28
78 117
177 13
27 14
15 120
93 107
189 153
71 135
50 178
27 22
56 28
54 2
153 189
205 9
148 79
21 107
206 95
115 207
208 17
53 13
70 35
139 13
103 198
209 2
181 70
133 4
210 99
1 104
7 70
211 141
107 70
3 6
2 112
153 29
79 212
100 36
0 74
7 154
166 177
31 20
212 79
22 55
213 214
215 216
151 152
184 153
180 106
217 139
35 151
112 51
76 218
150 204
66 172
217 87
80 37
149 197
70 74
118 149
164 54
28 219
132 149
63 19
15 11
31 54
219 104
220 90
221 47
107 130
38 49
93 23
222 223
29 119
223 224
60 115
92 35
39 38
79 128
7 88
108 62
12 187
49 189
146 70
27 70
79 132
62 135
169 13
55 67
28 62
90 153
56 161
55 219
47 37
2 94
154 111
105 120
129 43
153 225
115 17
93 90
226 227
45 157
162 125
19 31
228 229
31 120
128 118
218 230
28 94
189 49
35 27
2 68
34 231
177 232
46 125
21 5
30 52
23 50
112 99
4 134
187 59
7 28
233 138
51 94
51 26
234 111
20 0
150 148
120 18
1 181
160 35
235 3
73 40
91 19
7 32
236 215
5 126
1 23
54 178
152 58
126 11
128 203
3 13
152 119
129 115
12 209
104 19
74 164
37 187
143 188
59 181
55 3
145 121
60 116
237 59
133 52
203 149
21 70
6 25
59 151
129 60
150 78
174 44
238 239
34 33
120 74
133 53
41 73
107 135
184 115
45 44
75 206
3 32
208 23
200 156
113 52
66 142
148 240
147 132
10 52
100 124
49 133
221 133
44 241
162 37
197 82
163 14
51 242
243 215
244 231
54 160
186 19
219 154
106 29
43 153
27 18
44 245
61 70
12 124
5 37
67 1
35 14
184 106
19 70
3 51
119 8
246 240
18 2
242 25
247 212
43 7
107 56
54 32
109 54
248 209
249 250
155 251
186 74
114 109
6 252
134 4
94 59
184 136
35 42
130 6
164 13
98 19
22 16
3 253
50 3
19 9
164 25
244 33
35 254
237 255
167 58
3 49
256 154
70 32
132 81
198 127
198 179
104 59
120 109
130 35
162 232
2 146
29 52
62 88
119 51
240 246
257 130
258 259
68 89
177 100
60 27
156 260
14 104
35 181
133 166
14 63
153 59
124 5
94 20
61 135
29 107
242 68
98 49
23 55
63 254
20 55
36 134
11 239
151 70
261 220
262 263
166 173
155 220
29 237
163 228
58 186
126 70
50 15
186 0
62 154
15 112
11 50
264 265
109 35
105 114
30 187
49 13
29 138
214 266
94 186
232 133
19 23
237 153
15 59
189 237
257 14
31 19
55 267
152 181
28 27
268 27
61 55
14 184
51 50
43 49
181 107
148 156
114 54
37 133
268 153
131 147
166 100
109 167
177 4
54 51
51 2
107 17
236 269
135 35
50 14
92 16
73 179
108 21
105 15
270 148
213 230
56 19
72 70
55 107
271 272
5 12
6 70
91 184
28 92
47 52
17 208
125 37
33 273
115 67
180 74
152 49
59 138
107 22
11 21
107 151
167 27
133 37
135 60
32 257
8 119
264 241
154 60
55 153
225 50
105 163
99 94
188 268
137 201
145 91
179 146
204 79
30 29
107 59
250 249
248 70
274 231
241 231
198 72
20 43
117 157
113 69
49 177
109 164
275 222
42 6
50 152
54 31
139 276
254 63
27 167
38 210
70 67
37 166
104 1
40 146
29 35
145 59
47 5
117 44
128 132
35 205
117 149
55 2
137 105
21 72
60 19
109 277
129 28
126 41
54 205
107 16
20 229
231 168
0 151
19 93
219 35
277 164
278 279
208 121
40 66
124 30
1 210
247 174
60 207
152 68
135 14
23 107
47 4
33 222
61 14
233 135
27 280
100 37
14 259
106 98
69 46
176 115
82 281
31 163
53 177
168 265
179 66
281 149
244 275
282 62
107 54
163 31
163 54
14 54
20 15
36 221
135 70
265 168
218 75
243 283
112 74
9 18
185 94
189 0
16 219
284 174
184 254
30 271
44 33
1 96
126 103
27 51
102 101
105 13
43 32
26 18
90 93
32 49
244 168
43 51
120 98
35 136
164 109
145 55
146 66
219 55
189 104
120 8
138 71
153 145
285 32
192 286
143 51
61 161
119 35
31 106
123 10
104 154
179 72
206 218
9 8
90 29
19 107
14 129
128 150
156 79
50 56
274 33
1 9
90 56
173 80
22 219
163 19
59 107
186 49
0 108
13 233
70 121
11 126
114 2
137 87
59 167
150 79
76 95
15 98
19 88
129 92
127 28
162 4
86 35
168 264
150 118
49 98
35 50
19 109
41 172
109 38
28 14
127 40
274 264
38 9
44 216
29 235
94 178
166 30
8 27
203 132
7 135
170 137
74 35
29 125
125 25
25 242
150 157
56 23
7 167
287 288
5 142
184 121
106 2
9 185
205 54
267 50
142 40
60 22
20 38
157 118
198 146
27 61
9 7
227 226
160 52
134 100
35 135
271 113
228 163
69 52
42 71
35 26
43 120
46 219
21 7
4 166
59 119
6 28
28 22
53 62
60 219
59 43
22 107
168 34
184 50
142 126
37 5
63 136
201 170
29 10
35 15
59 145
23 49
120 38
35 21
49 105
166 187
25 94
212 247
231 33
17 115
4 232
212 289
93 171
177 134
50 111
143 43
134 221
172 142
66 73
233 49
29 135
78 290
231 275
27 107
134 162
47 124
20 7
137 71
35 255
288 291
52 102
31 2
107 219
30 36
55 184
35 74
56 27
215 243
113 29
276 139
70 9
59 50
120 65
77 137
43 228
148 247
89 9
6 15
49 25
79 278
292 285
229 228
109 98
177 49
31 43
151 59
90 8
206 214
27 109
70 126
266 293
169 139
79 156
294 295
197 85
130 27
112 19
177 36
126 5
130 207
154 104
16 98
29 143
74 91
35 130
14 17
114 105
296 297
91 70
61 129
118 197
50 8
20 119
62 1
60 54
9 59
267 104
112 30
61 1
51 42
32 31
73 142
4 37
121 129
94 2
277 93
94 163
3 56
276 71
149 281
90 19
210 13
13 144
169 71
91 71
121 35
59 205
62 108
95 206
173 177
120 50
59 1
259 202
105 21
2 90
106 6
50 2
37 221
8 32
127 198
47 134
129 55
42 74
166 80
224 223
186 20
136 35
124 133
130 1
244 241
183 59
27 29
106 137
15 219
56 49
231 264
163 184
154 138
282 208
239 238
62 33
164 20
210 69
5 187
70 15
61 93
121 55
267 282
32 90
94 105
54 59
135 71
9 108
154 276
72 66
50 6
20 14
70 106
124 142
237 2
125 52
138 35
59 104
145 1
150 147
19 2
23 92
241 274
29 51
107 9
54 23
45 128
152 42
150 278
160 9
18 55
89 29
68 70
55 115
106 62
70 27
22 35
133 123
1 130
49 56
187 173
37 232
80 177
186 120
18 9
7 114
12 10
62 53
242 298
96 3
174 83
35 107
12 162
94 23
220 226
297 259
120 153
80 30
1 107
35 2
144 71
67 28
46 52
152 29
282 184
18 0
299 300
137 88
22 21
267 184
22 90
126 198
58 153
202 107
259 60
8 19
181 32
183 19
62 15
202 14
6 120
13 96
7 107
163 109
52 46
40 70
35 92
253 43
79 157
163 35
164 38
55 61
40 198
2 106
301 250
80 166
166 133
218 293
29 90
124 49
70 107
71 217
28 55
52 69
43 35
23 61
97 254
32 7
68 205
112 59
1 237
135 233
105 43
120 267
62 61
265 264
22 129
261 51
144 49
70 108
32 121
118 78
91 254
298 44
29 60
23 27
225 115
43 59
184 6
151 43
263 243
132 78
184 19
71 233
153 1
5 221
0 26
27 2
23 28
59 21
196 217
43 105
40 72
120 14
21 9
302 303
132 45
19 91
27 19
85 128
25 164
73 21
153 54
24 114
67 6
100 4
80 12
43 27
121 22
143 29
165 50
21 22
27 56
237 54
189 29
42 3
209 232
151 29
23 35
187 166
213 293
92 107
106 135
196 87
59 26
49 107
32 207
90 6
156 158
26 106
157 290
56 235
162 124
70 62
52 107
232 52
259 14
164 91
27 50
14 42
153 120
85 149
66 41
186 58
107 32
112 14
189 255
35 9
130 14
294 250
1 26
143 6
135 26
93 59
33 265
21 0
0 69
11 220
222 274
258 74
61 28
188 59
131 158
232 134
50 23
16 60
304 305
295 301
28 259
210 160
15 107
10 123
121 57
184 59
62 181
146 73
154 15
21 3
106 3
275 241
29 144
26 59
12 30
209 12
6 18
202 137
82 197
75 213
125 47
88 70
43 160
181 27
115 145
55 20
135 19
107 1
197 118
80 232
137 54
50 253
151 20
106 153
239 50
5 40
139 99
59 96
6 29
276 62
15 154
16 35
21 151
14 61
306 292
183 120
82 150
25 6
9 90
87 139
0 6
30 307
38 109
204 193
98 71
24 16
30 102
75 95
107 207
117 290
110 155
293 230
170 201
181 35
152 50
129 0
23 90
62 296
151 107
5 21
72 142
210 96
13 21
16 267
255 3
35 91
54 181
35 138
132 203
214 75
35 277
308 295
152 276
167 28
59 9
129 267
102 125
164 6
27 104
7 104
104 98
149 156
6 62
115 56
177 166
0 183
120 163
18 6
230 75
161 60
49 29
286 204
106 9
25 0
9 91
122 282
11 15
207 60
7 186
1 3
74 225
221 134
105 137
82 118
123 5
105 185
267 120
220 11
26 27
106 51
1 59
16 129
124 4
50 104
281 79
18 54
56 55
30 97
19 6
151 9
59 51
87 276
32 119
11 73
118 79
130 115
35 235
109 70
37 12
74 19
160 29
70 50
100 173
170 24
212 240
104 219
33 204
51 31
160 54
59 187
229 309
6 94
88 144
154 256
28 6
154 220
267 310
118 247
151 51
78 132
153 19
45 79
9 143
9 23
162 134
142 123
219 60
70 69
181 62
65 64
206 76
26 51
98 7
183 7
105 139
154 50
131 45
233 144
104 29
72 198
160 46
1 54
177 37
121 28
102 11
120 94
43 19
49 51
120 151
80 98
50 43
72 126
19 8
107 88
121 70
281 156
106 189
311 204
71 267
154 13
3 312
93 219
51 89
47 232
80 133
3 39
14 145
201 77
81 45
14 29
135 185
112 70
35 167
111 50
0 20
45 147
61 130
142 72
1 32
186 21
30 15
268 167
129 67
93 27
91 228
36 173
67 23
70 138
192 204
13 242
9 20
49 55
217 137
179 198
69 312
313 44
61 19
3 62
55 90
114 15
151 54
259 38
10 12
125 69
255 29
55 130
49 90
102 56
312 69
233 13
91 62
21 152
172 198
2 20
219 6
50 20
276 233
50 90
98 16
6 106
51 3
42 138
12 177
241 44
11 258
89 35
118 157
73 66
278 150
91 7
93 67
281 82
21 6
59 54
74 0
128 197
89 68
49 19
35 160
61 27
137 217
10 46
295 250
1 70
61 22
53 133
309 210
29 26
118 45
314 164
137 202
61 54
104 14
59 15
214 213
135 9
69 258
138 7
32 271
10 69
133 162
29 69
30 12
243 262
157 45
43 121
37 177
30 173
59 14
28 60
82 247
112 54
88 202
73 72
242 114
55 21
22 161
220 110
114 59
7 55
158 148
254 98
108 70
70 88
315 301
216 215
88 139
93 61
49 229
247 150
146 198
258 38
74 49
59 61
19 181
188 43
221 37
62 32
185 43
204 192
7 91
6 219
27 59
161 23
15 253
79 316
218 206
262 236
32 6
136 59
89 43
54 9
23 184
59 6
63 59
150 45
124 36
241 265
59 19
178 94
60 121
279 150
115 151
14 16
234 261
71 91
206 75
56 115
221 166
221 100
141 211
130 61
74 70
59 20
63 14
160 0
29 88
50 16
261 111
156 82
2 145
124 232
5 123
29 70
193 204
35 23
107 35
208 16
98 276
60 28
27 74
67 121
126 66
171 61
253 105
35 161
27 268
35 56
21 62
23 63
9 50
69 133
152 20
219 107
158 156
120 23
54 184
126 53
163 105
3 189
47 162
35 22
29 9
129 56
29 18
91 9
209 134
50 19
235 105
250 295
9 188
260 156
94 7
29 98
78 118
107 61
54 18
8 120
139 17
70 248
217 105
12 166
14 93
110 50
50 165
50 61
46 10
9 136
106 104
13 30
6 50
222 224
20 108
179 41
79 279
1 0
62 55
296 62
19 7
49 20
125 162
117 131
27 181
71 137
209 49
14 120
165 74
114 13
222 44
138 2
0 229
35 62
16 32
93 92
247 131
69 29
61 7
15 105
56 32
23 105
20 2
154 23
43 9
254 237
10 120
205 7
105 74
249 308
37 36
106 32
70 229
215 263
69 189
6 32
52 133
120 20
124 162
47 177
33 62
184 120
1 90
153 43
100 49
91 74
7 21
56 121
107 115
60 154
160 11
158 290
189 254
317 20
189 3
263 215
108 186
23 1
114 9
120 105
153 74
68 164
71 56
2 137
88 51
1 255
164 49
114 18
135 6
156 131
14 1
107 3
234 110
107 60
202 88
88 233
20 49
74 2
59 90
210 29
188 2
37 162
20 106
19 164
83 174
12 53
112 50
153 61
1 27
234 220
90 14
138 74
254 50
23 9
220 234
90 32
27 115
88 19
19 183
2 107
66 126
193 192
62 127
150 149
247 45
49 154
20 27
179 70
19 49
74 153
30 13
23 164
104 70
0 186
120 62
71 276
1 29
0 129
56 60
3 152
15 54
106 63
14 49
223 222
66 72
164 11
167 109
111 110
30 221
32 54
60 23
2 54
6 0
10 186
60 17
29 186
205 59
135 62
105 98
314 15
244 274
31 59
151 17
121 60
240 159
81 148
254 49
19 277
55 94
110 234
236 262
204 81
120 54
93 277
4 221
50 129
92 22
35 38
205 35
244 264
280 27
173 12
28 115
26 32
96 1
40 179
120 69
7 205
138 88
99 112
115 208
1 43
54 6
35 121
54 3
54 19
9 32
2 115
108 0
293 266
12 11
103 179
26 67
164 163
3 187
242 13
60 129
243 216
19 18
98 106
49 11
6 152
59 153
54 20
232 4
221 30
150 247
152 120
129 59
13 49
274 241
1 51
13 90
59 13
81 247
9 121
14 23
4 47
225 145
162 12
2 120
151 14
261 239
35 163
115 22
29 205
2 181
318 315
0 189
205 51
19 135
70 0
177 7
58 152
58 167
157 78
129 14
210 189
22 42
235 27
1 153
107 121
215 236
6 23
121 228
16 208
139 29
29 80
145 19
22 121
129 16
134 5
29 11
184 56
115 2
153 107
319 304
106 35
45 117
268 19
74 152
22 3
58 59
24 170
11 176
2 189
30 177
2 35
59 129
16 23
52 173
5 10
164 74
104 107
266 75
130 257
274 244
232 80
223 33
221 173
228 184
113 271
70 6
131 247
16 130
121 115
151 35
106 91
105 233
121 208
210 38
104 189
90 13
163 21
121 62
273 33
6 8
117 45
52 232
29 153
277 6
70 198
59 62
149 204
255 189
63 7
254 189
7 2
3 255
49 100
7 35
19 90
12 80
159 240
247 117
221 12
320 284
156 81
115 60
11 101
268 9
267 71
5 30
69 125
59 58
28 23
43 62
73 146
42 35
152 151
13 2
30 166
221 124
59 163
166 221
49 35
20 105
7 59
82 79
15 176
14 2
9 184
252 43
19 60
35 164
62 13
173 166
12 133
129 27
184 61
22 259
94 164
60 35
243 236
20 59
124 123
59 70
148 81
282 107
87 105
137 77
187 162
13 135
36 12
189 2
241 224
105 14
1 106
219 176
62 19
79 281
246 158
187 5
166 36
267 21
129 121
74 15
293 213
133 47
19 55
40 103
67 54
184 163
13 164
12 5
184 28
115 96
189 96
172 40
228 74
0 21
42 55
158 240
241 223
61 207
15 14
3 7
1 13
27 120
74 62
91 43
63 107
250 301
61 67
50 282
11 88
252 19
321 120
9 252
115 55
70 21
208 282
258 69
147 131
47 36
16 115
107 91
204 131
19 0
32 3
135 23
153 184
125 20
109 114
178 229
30 4
62 105
74 209
59 63
5 162
29 257
29 71
237 106
62 91
94 26
125 50
150 132
234 50
232 37
67 55
0 7
107 93
71 62
62 43
7 27
19 43
164 7
19 252
109 9
6 164
88 276
54 7
79 131
282 122
20 19
148 150
186 268
42 120
141 322
32 15
35 119
164 259
11 10
56 6
35 18
2 31
247 157
44 298
60 62
72 127
49 67
3 9
60 7
215 269
62 71
15 2
241 244
167 164
53 4
35 29
1 161
164 94
158 247
187 37
6 3
247 290
115 27
142 21
145 54
282 50
59 29
21 13
35 153
42 139
32 16
218 95
247 148
20 94
67 49
252 59
107 21
91 107
56 14
50 220
310 91
172 126
310 104
59 120
134 36
32 152
262 215
207 61
191 239
153 2
94 19
120 21
54 35
98 184
127 62
104 106
167 14
259 176
7 6
158 246
49 108
15 50
146 179
300 299
224 222
29 14
115 107
220 155
143 31
89 7
213 75
2 21
109 18
0 2
173 162
153 106
1 62
15 38
222 168
314 39
154 14
2 32
16 229
219 22
0 114
188 138
127 142
204 150
62 253
177 5
138 296
282 219
198 142
54 151
260 247
119 29
80 221
61 2
160 219
167 23
50 219
323 62
164 68
88 13
14 252
9 19
104 153
164 114
117 247
55 49
98 80
232 187
2 121
74 106
308 301
304 319
290 247
164 98
6 27
49 186
59 7
222 199
51 15
36 5
79 150
254 62
154 92
59 93
112 171
29 160
104 310
174 84
67 144
127 96
35 105
324 320
82 203
124 134
59 189
32 285
10 29
21 164
150 82
213 206
100 177
106 151
198 70
14 19
157 117
147 81
81 157
159 158
10 30
155 50
264 222
173 47
161 56
70 228
7 20
92 130
100 5
325 44
79 148
55 93
107 282
88 138
121 32
202 259
244 34
49 22
55 14
38 28
61 164
3 1
27 145
27 136
155 234
62 14
118 132
68 2
2 135
198 21
20 120
177 221
27 235
81 132
61 23
1 35
144 67
267 8
49 254
173 30
119 20
66 146
153 70
146 41
158 260
120 201
62 59
61 98
274 199
184 62
261 226
204 311
142 41
208 242
22 60
151 106
179 73
164 106
19 105
178 70
9 163
142 127
117 78
109 25
14 88
60 259
120 31
101 50
120 116
19 94
182 116
149 45
275 168
74 9
96 70
209 233
53 52
161 35
28 163
7 19
30 232
115 59
231 241
114 267
17 16
177 47
184 27
94 55
40 21
184 107
228 54
67 27
6 115
121 93
11 29
19 54
100 30
107 259
75 214
131 156
35 7
16 28
62 276
50 239
74 165
156 247
28 42
2 58
207 16
56 122
135 29
208 0
15 104
14 136
130 107
28 16
29 96
197 79
56 3
123 47
239 191
120 43
90 112
143 32
254 171
107 92
36 30
15 180
120 24
31 116
162 187
47 221
305 304
50 226
28 93
122 71
189 35
49 152
49 144
38 164
247 81
120 164
29 32
19 145
28 129
106 70
120 321
275 244
51 185
106 145
154 219
305 11
14 90
9 63
2 14
184 267
17 60
29 210
94 18
9 106
62 21
76 214
54 120
5 4
151 154
104 3
108 183
55 19
43 70
120 9
125 113
32 19
184 54
98 120
51 29
2 114
124 177
6 22
18 25
11 9
219 160
262 243
177 124
107 27
107 104
119 121
71 144
46 160
39 3
49 138
240 148
80 4
209 326
44 77
6 151
80 36
111 155
104 74
122 3
232 166
95 230
80 254
62 3
3 235
6 130
160 6
114 29
47 173
203 82
0 18
59 31
132 118
121 56
93 121
2 248
181 59
11 142
201 120
78 147
69 321
76 206
70 43
70 20
233 29
260 159
14 21
184 7
4 124
13 154
164 62
29 104
49 3
89 107
70 91
138 29
214 218
50 310
7 184
164 97
121 119
247 118
55 32
179 142
7 15
6 90
59 152
136 9
160 13
43 205
38 258
28 167
41 146
83 164
35 43
12 36
145 225
135 178
53 72
120 3
122 138
247 147
133 5
221 177
164 27
3 50
25 19
201 44
74 90
198 73
29 19
139 137
141 140
26 23
50 9
68 242
138 70
147 79
3 2
293 75
221 5
27 35
208 56
184 229
8 6
29 1
120 178
107 49
236 283
73 70
147 247
103 73
240 260
96 189
301 308
7 87
28 88
7 9
191 190
296 138
70 19
166 12
118 82
107 50
23 16
264 231
22 92
59 180
2 0
14 163
241 264
14 137
122 267
114 120
35 54
97 221
121 107
49 9
5 177
107 153
267 108
43 119
267 16
29 49
62 20
89 26
9 62
139 42
41 126
2 43
62 120
252 14
187 30
61 62
186 178
15 74
70 73
293 206
25 43
6 21
224 199
30 122
60 16
54 137
23 120
290 117
53 5
22 115
206 213
1 19
14 3
54 114
163 9
139 87
29 271
90 2
21 198
55 120
260 246
105 109
21 205
62 282
24 77
22 27
252 120
185 135
149 247
6 61
154 7
16 56
211 327
2 61
51 35
7 136
3 22
167 268
145 16
19 15
49 48
112 2
124 12
138 122
63 70
80 47
27 62
119 43
218 213
71 266
19 98
121 184
207 107
81 150
139 196
171 62
1 145
27 202
231 222
74 184
246 260
127 126
59 56
104 268
259 164
181 115
35 70
49 0
53 126
2 15
256 328
228 178
152 54
232 12
79 149
55 1
9 114
245 44
36 177
6 93
150 279
25 329
42 28
2 7
55 16
91 88
276 87
298 242
91 282
104 6
14 67
49 32
152 35
19 26
22 67
2 6
157 79
9 35
114 25
207 130
67 115
308 249
75 293
61 35
144 13
3 35
172 73
92 23
21 267
21 188
205 43
205 32
61 50
26 2
87 217
98 59
32 59
72 21
246 148
36 47
181 2
62 7
9 267
142 66
232 36
124 47
21 185
6 9
28 11
68 51
150 211
28 19
144 29
268 104
126 142
14 35
183 9
148 131
29 23
209 13
16 61
55 50
233 71
62 323
54 61
128 149
148 246
15 6
270 81
14 130
60 14
52 50
2 70
43 14
3 121
216 236
213 76
94 27
114 6
283 236
114 19
120 137
164 93
181 19
38 15
143 68
6 49
27 54
228 91
301 249
29 43
54 228
98 61
42 14
60 135
100 80
11 210
23 59
49 71
59 67
19 151
120 6
27 129
29 20
115 16
78 150
55 60
6 184
166 37
59 27
180 105
184 9
7 14
21 120
210 309
161 92
29 109
42 54
27 23
7 22
70 164
204 270
1 14
247 78
13 15
28 15
43 68
146 11
241 199
3 115
134 124
70 127
46 120
54 153
61 121
153 90
50 62
13 62
208 135
81 85
109 20
229 74
121 6
219 1
14 153
2 74
61 120
27 58
26 29
24 93
59 35
100 12
120 108
264 33
92 63
19 32
7 62
16 59
170 44
70 129
80 29
118 117
121 43
144 88
54 154
277 35
229 0
50 27
137 104
204 286
100 134
301 315
27 8
59 74
199 224
211 330
185 268
92 115
178 108
167 35
107 19
205 21
11 20
184 55
21 55
0 13
56 35
105 23
67 59
164 21
293 218
275 231
74 186
59 0
32 29
43 106
138 233
82 128
50 151
169 154
290 158
43 114
328 256
182 31
238 251
106 164
170 120
40 142
106 88
134 133
216 243
12 221
7 139
17 120
26 225
5 100
96 14
7 63
56 61
109 23
308 315
70 153
181 1
59 88
129 6
57 35
295 308
40 172
164 314
43 31
70 55
0 70
255 35
70 179
173 187
7 54
6 129
232 209
164 167
146 142
184 228
79 81
14 50
60 6
248 2
120 114
29 27
130 55
330 211
263 236
3 104
28 176
261 110
70 2
258 92
161 61
225 0
254 164
59 154
205 68
164 70
51 119
113 46
54 27
145 106
19 27
29 106
79 82
13 160
203 79
32 70
136 27
27 32
130 22
138 13
245 283
12 62
55 185
111 154
197 128
105 217
20 6
23 14
272 271
21 27
90 91
219 50
49 6
19 25
133 177
1 189
74 229
67 43
168 33
3 180
10 26
104 208
212 260
18 109
187 12
69 35
38 13
84 174
2 1
135 208
228 121
176 16
14 55
124 166
24 120
121 23
135 2
61 59
154 49
166 134
131 204
82 132
2 19
74 27
62 180
54 252
105 35
6 19
70 29
32 120
223 199
10 307
47 80
82 156
59 112
96 115
104 7
171 254
199 223
13 29
44 222
56 129
249 315
90 28
0 29
277 163
120 35
7 164
5 80
23 208
120 2
77 24
59 3
270 204
160 43
229 20
25 20
133 13
28 7
62 54
5 133
176 60
50 261
14 106
196 7
120 219
142 124
222 275
127 21
44 201
47 30
237 1
241 168
122 97
177 173
167 163
15 35
54 60
103 146
68 31
9 11
204 149
45 149
120 27
85 118
19 152
162 166
91 59
118 128
222 241
144 169
130 16
10 13
91 164
23 277
254 91
216 44
124 80
26 55
43 184
78 247
269 243
230 95
184 282
59 237
106 26
3 55
35 189
220 261
27 13
50 110
115 92
41 142
24 7
104 2
62 49
14 59
56 22
214 95
129 70
62 254
70 51
229 70
93 24
38 259
107 28
152 3
106 15
7 23
126 40
104 282
177 80
49 38
15 52
293 76
17 151
320 324
14 6
79 203
166 4
37 124
66 198
78 45
47 46
62 171
29 62
21 40
73 11
13 12
56 184
51 20
186 164
185 164
250 294
229 183
115 114
233 88
178 228
103 40
316 79
20 186
142 53
15 28
72 53
29 99
26 115
45 81
69 113
226 50
56 208
49 59
157 128
23 154
14 74
41 179
12 173
164 83
11 305
136 106
184 105
307 10
303 302
29 113
1 61
90 220
7 196
85 81
88 91
14 28
78 157
225 74
99 39
133 227
70 137
120 64
120 70
29 233
3 106
94 6
63 184
227 133
11 102
3 96
259 28
42 51
21 2
163 59
53 80
37 4
0 49
174 324
23 38
14 96
295 249
45 118
16 55
203 45
51 6
151 115
9 74
27 184
51 32
138 165
89 32
135 7
163 28
24 18
9 49
60 59
59 184
102 30
7 94
127 72
222 231
20 70
13 177
107 106
32 56
129 35
104 267
185 143
3 109
62 50
142 11
29 3
137 14
58 171
56 178
30 10
32 107
124 120
173 52
189 106
51 9
227 331
18 26
26 89
19 129
148 159
55 105
207 6
96 49
7 183
118 150
232 124
290 79
33 264
61 184
149 85
223 241
102 50
104 129
2 62
84 83
145 153
11 49
94 99
153 58
59 32
198 40
222 244
222 33
188 209
105 235
106 184
180 3
267 9
39 20
148 270
74 105
28 184
44 313
149 132
142 179
81 131
217 71
105 49
39 99
208 6
162 47
55 59
2 209
2 8
45 247
105 112
105 94
81 270
198 66
70 145
115 267
249 301
105 253
6 119
261 50
152 9
176 11
152 59
60 63
5 53
67 129
235 29
151 50
60 104
160 114
114 0
115 129
107 67
33 274
78 128
56 16
37 134
50 184
252 6
27 43
43 151
60 29
87 98
6 114
72 40
164 107
167 19
14 257
146 103
259 107
221 36
70 112
187 36
120 183
119 152
109 19
90 1
13 114
14 9
112 98
9 1
62 104
116 182
232 221
29 86
108 178
98 254
177 187
54 91
42 152
0 94
224 241
22 130
132 247
120 152
267 122
6 267
176 259
258 11
150 117
153 237
207 22
35 32
14 70
35 1
150 131
114 242
151 21
51 27
74 20
6 74
6 105
7 24
82 81
28 35
219 93
2 96
15 19
162 36
52 15
76 75
76 230
129 93
14 167
96 237
9 94
36 124
2 184
142 103
13 3
103 126
6 42
22 7
168 275
90 22
81 174
34 168
35 61
27 130
177 162
14 115
0 208
23 29
292 306
240 212
19 56
11 154
16 259
55 26
35 104
2 151
71 271
95 214
94 35
163 23
105 55
137 106
16 50
29 7
14 154
1 55
27 20
28 61
145 27
14 20
125 5
6 67
2 188
120 59
52 6
137 20
44 174
19 186
29 164
10 5
79 147
253 62
67 93
127 70
45 197
92 129
178 135
241 222
138 144
99 210
104 137
264 168
225 26
120 42
139 105
105 19
135 59
94 0
112 90
70 61
73 172
38 16
74 59
163 120
158 212
276 154
67 90
21 142
59 137
197 150
181 14
108 20
314 323
254 35
24 56
155 110
88 107
252 50
164 186
106 1
244 332
108 50
54 109
18 27
15 51
221 97
274 222
8 143
90 74
161 16
106 20
54 68
315 250
14 62
154 62
115 93
26 94
135 13
2 26
28 164
186 185
189 210
29 89
246 159
107 63
153 181
149 118
121 29
29 152
121 92
189 160
120 255
63 9
107 184
51 62
276 152
30 49
109 120
184 14
247 281
44 170
106 49
205 29
0 14
51 151
202 27
219 28
54 112
131 79
71 29
129 19
221 162
247 260
59 136
129 7
6 225
102 52
131 148
153 55
212 158
59 49
63 106
282 104
137 139
27 21
19 20
205 143
0 59
43 6
35 219
62 27
188 185
43 8
122 50
162 173
115 50
315 308
13 80
139 169
226 177
201 24
306 44
47 133
153 104
16 145
132 79
62 106
143 185
115 3
73 198
6 51
112 93
25 114
172 179
104 55
98 104
69 80
19 50
6 52
4 80
2 153
50 121
118 85
261 234
15 314
15 114
277 28
20 74
264 244
21 163
106 54
80 173
9 205
258 15
310 298
69 0
136 14
109 27
150 81
142 5
114 160
159 148
212 148
120 0
14 181
32 91
11 160
214 76
35 109
197 45
29 189
67 35
15 164
221 4
252 21
166 162
332 244
23 48
144 7
28 127
161 313
128 85
5 232
255 237
88 11
91 106
180 62
235 35
32 22
49 62
321 69
12 100
9 160
70 151
129 104
26 19
52 47
168 222
142 172
254 163
92 154
153 6
187 232
25 29
226 261
30 37
326 209
177 133
29 13
242 208
50 122
20 62
16 92
159 260
49 233
139 71
128 117
2 49
304 227
178 54
271 30
138 3
13 138
67 70
20 29
33 224
105 184
279 79
67 14
107 29
218 214
62 184
62 9
209 98
79 204
55 35
109 163
54 107
13 169
5 173
115 130
61 92
80 5
99 29
20 31
18 35
106 14
17 139
19 28
6 121
71 17
85 82
88 7
152 252
154 54
220 154
23 67
137 59
23 26
30 124
71 49
247 158
259 258
0 125
196 139
14 151
252 9
109 28
35 93
2 29
28 90
127 146
281 247
219 15
25 49
3 59
168 231
185 21
93 60
3 21
32 67
295 294
154 151
54 0
208 115
3 184
207 32
60 176
260 148
179 2
151 2
185 51
148 132
276 88
31 9
267 129
30 112
70 104
115 121
310 267
74 120
19 3
180 54
119 62
63 91
125 46
18 114
79 290
251 155
247 149
19 67
117 150
130 28
81 156
32 43
70 14
62 112
98 112
33 44
173 100
54 42
163 167
62 28
42 22
43 21
3 120
139 233
96 106
55 121
9 21
105 38
105 87
114 49
67 56
71 105
13 133
80 124
208 104
233 209
219 282
50 254
238 155
156 246
184 164
206 293
157 81
163 11
28 67
13 10
123 133
106 0
62 121
285 292
104 15
121 14
21 126
157 132
147 117
6 16
151 0
149 79
106 74
52 23
6 104
54 70
27 163
273 244
35 60
153 167
19 268
55 92
126 146
247 156
13 210
110 261
50 252
12 37
117 128
47 100
38 20
26 114
27 6
236 216
15 106
164 184
0 19
275 264
142 198
167 153
253 3
122 30
290 78
62 119
16 14
107 90
59 164
19 63
50 107
179 172
71 122
91 32
169 144
55 23
137 70
51 49
30 100
55 56
120 48
107 7
145 181
54 29
115 26
35 13
7 43
204 301
22 56
107 52
283 243
40 126
9 135
230 76
35 16
120 61
17 14
11 12
197 132
301 204
51 54
259 16
6 92
4 162
184 2
44 306
9 151
309 271
104 62
20 317
75 266
223 274
221 232
105 62
21 43
241 204
236 243
92 6
39 314
85 203
91 310
253 15
114 43
153 62
49 209
2 9
50 108
184 3
157 247
9 25
14 135
49 74
247 79
51 180
9 152
189 69
107 154
271 309
104 27
44 285
50 54
29 121
239 11
62 137
95 213
22 6
37 125
230 206
92 28
55 145
121 67
164 29
230 218
174 284
59 60
121 2
93 28
46 69
23 52
199 222
153 27
210 1
232 30
19 104
96 29
196 276
6 167
38 314
19 163
134 37
15 62
329 25
41 40
155 111
56 67
203 85
2 136
242 51
43 185
173 5
172 66
20 9
213 95
139 144
120 55
112 0
65 120
50 120
93 115
49 2
159 246
116 120
271 29
38 105
15 30
288 287
27 60
0 120
66 40
98 15
3 19
209 248
63 92
51 70
189 1
33 244
149 81
14 7
163 254
2 55
97 30
49 14
327 211
56 24
88 59
107 23
79 247
184 43
125 0
21 20
5 36
92 258
62 51
116 60
21 11
6 207
133 124
211 150
70 49
187 3
21 105
111 220
162 100
91 90
137 120
135 107
108 120
0 25
265 33
59 135
176 219
62 87
157 149
79 197
19 74
229 49
243 263
33 231
50 70
94 9
137 2
29 151
20 50
268 188
91 35
225 91
107 181
43 29
101 154
183 0
260 240
120 186
91 145
120 107
225 153
133 80
49 30
259 297
16 22
20 39
43 54
76 213
38 11
114 7
50 267
62 60
2 237
29 0
265 231
15 7
70 54
107 62
51 205
20 11
23 109
164 19
106 31
250 204
131 117
70 136
28 277
197 149
18 94
171 58
27 7
81 79
120 184
61 115
151 104
50 35
0 54
58 2
137 7
54 152
204 241
54 1
129 130
36 80
232 5
55 18
13 189
185 205
21 210
77 201
20 137
9 54
62 29
313 161
32 1
136 7
49 124
156 132
48 23
225 16
35 115
81 149
164 61
49 23
21 73
75 218
15 258
20 109
26 10
229 16
134 177
67 19
60 55
80 13
277 19
13 27
146 2
98 209
139 7
133 49
52 29
178 120
82 157
188 143
301 295
92 56
106 180
160 7
31 68
44 117
91 225
254 97
145 115
164 254
167 6
67 61
120 46
164 28
4 133
29 74
243 269
7 138
26 35
137 24
34 244
94 51
27 38
109 29
43 89
94 185
112 105
32 62
164 59
301 294
49 70
114 154
22 32
62 2
21 94
32 181
189 27
13 139
125 29
101 11
139 88
35 63
148 158
21 252
99 71
152 267
90 49
120 10
49 43
37 47
181 145
139 217
136 19
96 210
73 127
79 45
32 143
96 13
14 91
51 104
124 100
21 186
70 109
176 28
9 70
35 51
289 212
88 135
68 143
62 153
163 27
298 310
29 139
19 59
145 2
123 142
25 9
205 185
70 72
128 79
107 2
13 38
37 100
232 162
90 50
114 26
242 26
171 112
80 100
177 12
93 22
74 112
56 71
183 229
98 97
168 244
10 62
23 135
70 135
92 61
9 3
134 232
121 61
53 100
9 105
231 34
69 30
115 14
55 22
142 146
120 170
59 23
206 230
277 167
28 130
172 146
133 12
20 25
130 129
74 16
266 71
240 158
278 79
29 25
62 74
27 3
50 59
62 129
35 3
156 281
59 121
291 288
241 33
43 152
70 96
27 189
314 38
49 164
25 125
183 178
170 77
35 55
17 129
51 1
45 203
210 21
19 184
117 147
103 127
43 91
75 230
168 241
259 22
71 139
9 2
151 6
115 23
93 112
62 35
265 241
16 161
17 107
90 67
38 35
6 20
120 19
25 109
62 164
20 152
59 188
267 55
68 32
99 139
43 252
81 147
61 16
18 29
132 197
45 131
17 71
178 183
5 47
19 114
153 15
134 209
29 54
6 2
71 196
154 169
94 21
179 103
90 59
152 43
231 244
235 98
20 178
154 107
133 221
1 21
115 225
19 61
246 247
315 249
60 161
51 120
92 14
71 42
120 252
134 80
184 98
166 232
52 100
225 6
126 172
184 35
237 29
104 151
35 86
89 51
50 101
95 293
51 68
61 107
198 103
11 38
6 163
57 115
5 124
19 29
229 184
28 207
269 215
231 265
70 7
233 139
36 187
52 125
59 55
53 142
95 218
114 164
77 170
60 92
186 10
56 90
18 24
50 71
188 9
59 115
153 268
54 180
230 213
74 29
35 129
199 241
207 115
128 45
32 89
33 241
74 42
229 178
147 150
268 185
61 171
117 79
136 184
62 70
15 70
106 59
184 1
224 33
15 3
59 98
11 28
70 178
60 56
93 129
134 47
50 55
62 63
276 196
56 59
1 184
23 22
16 24
62 107
94 25
35 57
50 11
185 188
146 172
6 56
186 29
174 247
73 126
204 247
186 94
222 264
13 209
5 166
45 150
249 295
69 10
72 179
161 1
234 155
167 70
88 14
221 80
90 23
59 252
32 9
70 1
260 212
277 109
87 62
121 9
276 98
21 108
185 55
54 50
16 176
227 304
104 51
290 157
244 222
23 94
32 55
125 102
178 62
20 164
255 1
91 63
62 10
138 49
49 139
7 0
209 74
82 149
59 91
108 267
120 29
9 268
2 18
230 214
263 262
98 29
14 92
30 69
43 2
236 263
36 162
90 35
13 59
7 60
13 0
139 49
13 105
138 154
126 73
178 56
180 59
219 46
126 179
285 44
6 135
70 120
1 67
185 105
74 104
132 150
95 75
99 15
16 225
90 107
61 6
14 56
49 7
164 35
11 146
124 221
54 15
115 181
297 296
107 6
100 162
166 5
120 77
54 164
11 164
73 41
324 174
220 111
220 50
51 88
0 225
138 42
147 45
15 20
143 21
20 54
177 226
87 71
9 109
214 293
3 27
9 120
19 153
232 177
111 261
232 100
131 81
279 278
294 301
153 14
74 228
6 1
152 32
148 260
105 9
80 134
232 47
23 121
230 293
145 70
80 69
74 180
6 143
29 255
307 30
119 6
21 14
49 114
283 215
35 120
149 157
98 105
167 277
35 49
11 163
61 56
97 122
179 40
37 30
100 221
323 314
218 76
204 250
5 134
2 13
2 50
88 29
260 158
49 106
233 276
22 93
63 23
2 104
63 112
1 2
166 124
143 9
43 20
105 11
132 117
264 274
3 14
129 50
149 203
56 92
51 112
282 267
54 67
52 30
2 109
106 19
6 54
38 27
31 51
162 30
51 261
163 277
51 59
251 238
40 127
129 22
119 59
252 54
19 1
53 12
268 186
16 107
178 20
198 126
60 130
35 28
246 156
210 11
13 88
21 35
16 207
257 29
67 22
131 150
217 196
164 120
178 50
157 158
8 267
76 293
107 164
267 115
52 160
247 246
14 43
106 237
198 172
150 128
35 89
252 152
25 18
109 2
184 91
40 5
129 23
26 25
62 12
22 207
132 148
27 153
215 283
33 223
237 189
133 232
115 28
35 67
144 138
43 67
92 55
27 55
54 163
6 55
267 6
271 71
60 93
107 55
196 71
98 87
9 89
43 188
2 59
7 89
43 143
38 23
6 59
8 50
19 120
30 162
173 36
109 105
157 150
47 123
175 174
21 59
32 205
120 32
132 156
4 53
100 232
32 51
67 26
36 166
145 14
180 51
6 60
186 7
132 147
68 54
162 221
6 277
267 152
20 51
19 51
105 6
257 32
181 153
132 157
88 136
126 21
45 132
188 248
162 177
61 60
9 183
129 15
45 78
70 146
54 26
92 60
1 219
219 16
247 204
129 17
15 32
23 6
9 6
1 6
14 27
146 40
2 198
74 258
254 184
127 73
177 30
286 192
23 129
14 121
162 53
27 1
293 95
43 1
144 233
253 50
44 325
110 220
209 188
226 220
241 275
7 49
255 120
54 14
35 6
158 157
80 162
133 69
30 125
164 277
248 188
176 15
57 121
1 69
227 305
228 43
228 70
195 194
158 78
79 118
282 91
136 91
6 153
173 221
22 49
163 6
3 107
266 214
130 92
283 245
271 32
124 37
124 173
70 59
3 29
310 50
135 61
152 21
138 59
250 315
264 275
0 112
24 137
55 42
91 54
128 78
183 108
121 145
93 6
23 163
33 199
14 60
213 218
91 136
52 10
79 117
312 3
178 186
254 80
27 164
174 81
133 173
128 157
113 125
70 56
184 23
21 143
186 108
136 63
6 57
68 152
28 107
56 50
50 125
107 89
50 112
215 262
154 101
55 54
51 43
109 6
293 214
70 40
7 3
98 109
22 28
12 232
237 254
55 129
106 107
7 144
239 261
120 17
181 152
13 35
15 13
3 15
106 43
154 114
305 227
52 113
134 166
9 31
184 74
144 3
189 13
106 27
179 126
30 80
28 38
43 129
107 202
156 148
81 204
247 132
184 63
55 7
180 15
126 72
149 82
32 27
308 250
94 120
0 24
331 227
9 38
59 16
267 114
142 73
19 106
322 141
32 50
233 105
23 54
142 133
244 273
111 234
189 59
9 43
2 27
100 47
60 107
26 1
32 26
50 154
148 147
198 41
27 93
54 237
136 2
51 19
107 64
161 22
55 27
27 106
55 104
43 253
59 114
50 225
50 115
130 60
59 2
100 52
309 229
199 274
19 136
0 160
154 59
32 2
69 210
35 184
148 212
120 144
247 82
23 19
36 232
164 185
50 234
7 137
1 120
147 78
55 62
19 35
8 2
97 164
63 62
277 23
198 2
93 14
201 137
3 43
93 19
20 151
57 6
6 208
29 59
151 120
19 112
7 129
214 206
274 223
237 96
250 308
136 88
49 125
152 19
214 230
6 35
108 49
64 120
115 35
98 235
38 120
8 43
144 120
2 138
112 63
219 120
120 15
284 320
269 236
235 56
188 21
207 28
2 179
28 56
121 3
47 125
162 133
149 117
71 98
35 106
104 61
14 32
231 274
93 56
315 318
74 14
4 177
23 56
29 114
90 55
54 106
160 210
129 61
32 14
29 6
69 120
40 73
19 167
26 242
155 238
132 82
143 205
55 15
105 71
