0 329 317 321 183 18 178 237 252 48 96
1 280 257 86 255 237 312 181 153 321 189
2 89 280 317 255 119 86 153 165 181 143
3 280 57 252 86 237 119 181 89 151 257
4 36 134 166 221 37 173 162 232 100 47
5 166 36 4 162 37 221 134 173 232 100
6 280 257 130 207 121 277 129 22 329 181
7 280 317 86 136 202 18 257 67 106 63
8 280 252 65 31 321 152 310 18 188 268
9 329 317 119 143 68 86 48 252 180 205
10 321 113 307 312 65 86 323 102 125 53
11 317 101 314 103 253 86 127 38 172 41
12 134 4 166 36 173 162 221 37 232 100
13 326 86 280 307 233 255 235 253 144 189
14 57 280 317 136 145 129 225 22 253 86
15 317 39 323 180 181 112 151 42 253 109
16 207 57 130 257 92 161 93 115 22 60
17 64 116 65 321 207 176 130 169 259 202
18 329 280 86 25 65 114 109 8 252 94
19 280 317 329 180 277 136 235 167 119 109
20 329 183 280 252 180 314 253 18 108 8
21 317 280 185 248 103 183 58 64 252 181
22 57 280 207 130 92 176 161 93 60 67
23 57 280 130 277 92 86 207 93 67 161
24 170 77 201 65 321 64 183 48 137 208
25 317 18 114 86 186 277 89 252 94 160
26 329 280 86 18 145 181 237 257 68 89
27 277 257 207 317 167 86 121 181 153 57
28 57 280 277 130 207 176 22 93 92 161
29 329 280 317 189 68 237 48 255 312 181
30 36 134 166 221 173 37 162 100 232 4
31 317 205 182 116 8 252 65 68 119 89
32 280 86 89 252 8 119 145 68 57 136
33 275 332 231 274 244 168 264 223 199 265
34 332 273 265 275 264 274 168 231 222 244
35 207 280 257 145 277 22 67 180 121 130
36 4 166 221 37 173 134 162 232 100 187
37 166 36 173 134 4 162 221 232 100 47
38 280 317 48 314 176 323 277 65 86 297
39 317 323 312 314 210 253 235 258 255 109
40 66 172 41 103 179 73 198 146 72 126
41 172 103 66 179 72 40 73 198 146 126
42 165 86 65 252 180 312 255 321 57 119
43 317 329 280 143 205 119 86 252 136 68
44 292 175 224 223 199 273 284 324 265 283
45 85 316 128 82 118 132 117 290 147 78
46 321 307 113 312 65 123 52 64 48 69
47 166 4 134 36 221 37 162 173 232 100
48 65 321 64 116 108 144 38 255 201 77
49 329 317 86 169 235 326 180 183 42 119
50 261 111 220 110 234 57 280 317 119 267
51 317 280 86 8 68 253 205 31 89 143
52 307 123 46 113 4 162 47 125 37 80
53 173 166 134 232 221 37 4 123 36 47
54 280 317 89 86 181 136 119 255 63 151
55 207 57 280 181 317 22 130 67 48 129
56 280 207 130 57 92 93 67 22 121 17
57 86 208 235 92 130 119 207 161 277 93
58 280 268 181 237 145 248 136 189 167 252
59 280 225 106 57 317 255 181 153 136 145
60 57 280 92 130 86 207 22 129 257 208
61 57 280 130 92 207 129 93 161 181 60
62 136 280 317 86 180 252 145 228 89 151
63 136 171 91 135 86 181 323 183 167 88
64 65 321 48 116 17 201 77 170 202 255
65 321 64 48 116 201 77 170 255 183 46
66 41 172 103 179 40 73 198 146 72 126
67 57 280 130 207 92 181 93 277 48 145
68 182 248 143 205 31 185 8 119 181 228
69 307 86 113 255 46 65 321 271 160 102
70 280 317 183 89 86 165 252 136 119 181
71 217 272 87 139 196 233 276 165 296 235
72 103 172 41 66 40 73 198 179 126 146
73 66 172 41 103 179 40 198 146 72 126
74 317 280 86 136 58 326 268 145 183 248
75 213 95 206 218 76 230 214 293 266 71
76 213 230 206 95 218 214 75 293 266 71
77 325 170 201 65 306 313 321 245 24 64
78 316 290 157 197 279 278 117 118 203 128
79 85 132 128 82 118 149 200 150 157 78
80 4 166 36 221 134 162 37 100 173 232
81 281 316 200 203 197 118 147 279 278 131
82 85 316 200 197 203 149 281 128 118 279
83 175 284 324 84 174 320 314 97 81 277
84 175 284 324 83 174 320 81 44 247 292
85 197 203 82 128 132 281 149 45 157 118
86 255 235 257 57 89 119 205 113 271 160
87 196 217 276 323 139 169 233 71 296 253
88 296 169 233 63 196 87 136 202 257 86
89 86 205 257 143 255 119 242 31 64 160
90 86 257 57 48 277 165 67 181 89 121
91 136 63 181 180 89 252 205 228 153 257
92 57 280 207 130 161 22 93 60 259 67
93 57 280 130 207 92 161 67 22 277 129
94 329 317 280 183 277 18 109 48 167 268
95 230 206 213 218 76 214 293 75 266 71
96 255 237 189 257 86 248 312 145 181 136
97 307 83 80 314 4 173 36 166 37 171
98 326 196 48 171 217 233 99 86 65 180
99 86 314 169 196 217 309 233 271 257 144
100 36 4 166 221 134 162 37 173 232 187
101 256 239 165 220 111 305 102 226 169 310
102 101 307 239 113 122 165 305 46 10 220
103 172 41 66 72 179 40 73 198 146 126
104 280 86 180 181 237 255 235 145 153 136
105 317 48 196 217 252 277 87 276 99 169
106 280 317 86 181 136 255 89 202 180 237
107 57 280 65 207 22 145 136 129 86 60
108 317 48 229 65 178 323 183 321 252 310
109 329 280 317 86 235 277 18 48 167 94
110 234 111 155 251 261 220 226 238 239 165
111 110 234 155 251 220 261 226 238 239 101
112 180 253 165 323 181 252 136 248 58 151
113 272 321 312 86 46 309 102 10 125 69
114 329 25 18 183 48 252 8 94 151 65
115 280 130 207 57 92 161 121 16 129 22
116 182 65 321 64 48 17 31 255 201 170
117 316 78 197 203 118 157 45 279 278 128
118 203 316 197 128 290 281 157 82 78 85
119 317 86 57 257 65 143 205 89 252 323
120 182 64 317 280 253 86 65 252 180 181
121 257 207 86 57 130 92 115 161 129 67
122 165 312 307 102 310 253 296 235 271 101
123 307 4 134 173 37 221 232 162 36 166
124 166 36 221 4 134 37 162 100 173 232
125 329 317 113 307 100 46 4 312 173 321
126 66 41 172 103 40 73 179 198 146 72
127 103 66 172 41 179 72 73 198 40 146
128 197 316 203 118 85 82 279 278 149 157
129 57 280 207 161 130 92 208 93 67 60
130 280 207 57 161 92 93 17 22 67 176
131 316 200 270 147 78 279 278 290 281 157
132 85 281 316 128 118 200 147 82 197 45
133 100 36 4 134 166 221 162 124 37 232
134 4 166 221 36 37 173 232 162 100 47
135 86 136 63 89 183 181 257 202 167 205
136 280 63 202 145 86 248 181 183 167 91
137 317 196 217 201 170 77 87 65 180 276
138 169 86 248 144 233 297 196 276 139 96
139 196 217 87 233 144 169 71 276 138 86
140 322 211 279 278 197 128 118 78 147 82
141 327 330 150 278 279 85 79 118 128 132
142 66 41 172 103 40 73 126 179 146 198
143 205 89 182 257 86 119 185 68 188 252
144 48 169 233 196 139 86 65 312 276 138
145 280 181 136 237 58 96 248 57 130 225
146 66 41 172 179 103 73 198 40 126 72
147 316 279 278 290 131 157 118 78 132 128
148 289 200 240 260 246 159 316 212 158 156
149 82 85 197 316 128 203 118 200 281 78
150 85 316 203 118 132 147 128 197 157 79
151 317 252 86 119 64 181 31 205 57 136
152 317 86 252 8 205 165 119 48 31 143
153 280 86 255 181 145 180 237 136 252 64
154 328 165 48 296 282 176 253 110 234 63
155 110 234 251 261 111 238 220 239 226 165
156 316 159 281 240 212 246 147 148 203 260
157 316 197 203 78 118 290 85 147 281 128
158 289 200 240 260 246 159 212 148 290 156
159 240 246 212 260 158 156 148 270 289 247
160 86 89 205 113 255 18 57 252 25 69
161 86 207 57 130 92 48 93 129 22 235
162 166 36 4 37 221 134 173 232 100 47
163 280 277 252 167 48 109 18 136 182 65
164 329 280 317 323 277 48 86 109 163 167
165 296 101 122 225 310 239 226 253 234 110
166 36 221 37 134 4 162 173 232 47 100
167 280 277 136 163 86 181 109 57 93 63
168 332 273 275 231 264 265 34 274 244 224
169 256 196 217 233 276 99 138 144 87 101
170 325 201 77 65 306 313 321 245 24 64
171 323 296 63 253 97 98 180 277 207 153
172 41 103 66 179 72 40 73 198 146 126
173 36 37 232 134 4 166 221 162 100 47
174 320 325 84 83 306 245 313 270 147 285
175 324 284 84 83 81 44 247 292 174 200
176 297 207 258 17 259 130 38 22 116 57
177 166 36 4 162 221 37 134 100 173 232
178 317 108 65 323 321 229 183 64 228 253
179 66 41 172 103 198 146 73 40 72 126
180 253 323 312 112 165 296 237 235 42 258
181 280 58 145 136 257 202 86 237 252 248
182 116 143 68 31 163 120 64 65 51 60
183 65 321 252 186 64 48 108 309 136 94
184 280 57 235 136 145 252 253 180 181 63
185 143 188 68 205 268 253 89 252 94 31
186 317 183 48 65 86 108 229 321 25 94
187 36 221 166 100 4 134 173 162 37 124
188 326 248 205 185 252 143 31 165 8 296
189 280 86 312 237 255 96 235 58 210 321
190 239 251 155 110 234 111 238 220 226 261
191 238 261 155 251 110 234 111 220 11 50
192 311 286 193 270 204 250 301 131 81 294
193 286 311 192 270 301 250 204 131 81 149
194
195
196 217 87 169 276 139 233 144 99 137 71
197 203 316 128 279 278 118 85 281 157 82
198 66 41 172 179 103 73 40 146 72 126
199 223 224 274 264 273 231 265 222 244 168
200 281 246 260 158 131 148 82 81 149 132
201 325 170 77 65 306 313 321 245 24 64
202 280 297 64 257 136 181 17 130 259 217
203 316 197 281 118 128 85 157 82 149 78
204 192 316 286 193 278 279 294 281 147 148
205 86 89 143 188 31 257 119 252 68 185
206 95 218 213 76 230 214 75 293 266 71
207 176 257 130 92 57 259 161 17 22 219
208 57 225 207 129 48 161 92 60 267 130
209 248 165 48 138 100 80 177 133 36 166
210 312 86 321 255 39 258 237 189 113 271
211 322 140 278 279 197 147 78 128 118 82
212 159 316 246 240 260 290 158 156 148 281
213 95 76 206 218 230 75 293 214 266 71
214 95 218 206 76 230 213 75 293 266 71
215 236 243 262 263 269 283 216 245 44 325
216 269 263 262 283 325 236 243 215 245 306
217 196 87 276 169 139 233 99 71 137 144
218 95 206 76 213 230 214 75 293 266 71
219 207 64 130 259 161 176 92 65 86 116
220 110 234 111 155 261 251 239 101 238 226
221 166 36 134 4 37 162 173 232 100 187
222 332 34 265 273 274 275 199 223 264 224
223 199 224 274 264 273 231 265 222 244 168
224 223 199 274 273 265 275 264 168 231 222
225 165 57 310 208 207 229 145 176 228 267
226 331 110 234 111 239 304 155 305 261 165
227 319 304 305 331 123 261 220 177 4 134
228 229 165 309 145 183 68 180 178 136 248
229 317 108 228 48 165 225 178 186 183 248
230 95 76 206 218 213 293 214 75 266 71
231 332 168 264 273 275 244 265 34 199 223
232 173 134 166 36 37 4 221 162 100 47
233 326 169 196 144 217 139 86 87 99 276
234 110 111 155 251 261 220 226 238 239 165
235 280 86 312 255 57 253 257 109 180 122
236 243 215 263 262 269 283 216 245 44 325
237 86 189 255 96 58 145 180 181 210 257
238 251 191 155 234 110 111 261 220 239 226
239 190 251 101 110 234 155 226 111 220 305
240 289 159 260 246 212 158 148 156 270 247
241 332 34 264 274 273 275 231 222 199 223
242 329 89 310 18 143 169 205 94 0 31
243 236 215 262 263 269 283 216 245 44 325
244 265 231 275 168 264 34 199 223 274 224
245 325 306 313 216 285 215 243 236 298 262
246 200 159 260 240 212 158 148 281 156 290
247 200 289 316 147 157 78 156 290 131 132
248 326 188 209 68 136 138 96 58 181 179
249 318 294 308 295 315 301 250 204 192 286
250 318 295 308 249 301 294 315 311 286 193
251 238 155 110 234 239 111 190 220 261 191
252 65 8 151 183 321 119 205 31 152 188
253 323 312 180 165 296 235 101 122 314 282
254 86 323 255 282 310 253 165 48 277 228
255 86 65 312 321 235 96 64 48 237 89
256 101 169 111 220 276 219 138 92 151 114
257 86 285 271 207 89 202 119 205 143 255
258 297 312 321 314 176 165 210 305 101 180
259 207 176 314 130 296 17 92 202 219 161
260 289 240 200 246 159 158 212 148 156 281
261 155 110 234 111 220 238 191 226 251 239
262 269 263 283 216 215 236 243 245 325 44
263 269 262 283 216 236 215 243 245 325 44
264 332 34 273 275 231 168 265 244 199 223
265 34 275 274 244 273 168 264 231 222 224
266 213 218 95 76 206 230 75 214 293 169
267 252 65 17 208 57 282 225 321 219 310
268 280 58 143 8 185 248 183 136 277 181
269 262 263 283 216 236 215 243 245 325 44
270 311 286 193 192 131 159 147 240 156 150
271 307 86 257 285 99 122 169 125 210 113
272 309 113 71 30 32 29 312 46 321 139
273 332 34 274 168 264 265 231 224 275 223
274 332 224 273 275 265 34 168 223 199 264
275 332 265 34 274 168 264 231 244 273 222
276 217 169 196 87 323 256 144 139 296 233
277 167 86 57 163 109 48 94 93 92 67
278 316 279 197 147 281 78 128 118 290 203
279 316 278 197 147 281 78 128 118 290 203
280 202 235 58 268 8 136 181 145 167 18
281 316 200 203 197 278 279 290 118 85 82
282 310 323 64 253 165 296 254 63 108 267
283 269 262 263 216 236 215 243 245 44 292
284 324 175 84 83 81 44 247 292 174 200
285 306 325 245 313 298 216 257 77 201 170
286 193 311 192 270 250 301 204 131 81 149
287 291
288
289 240 260 158 148 159 247 246 79 200 212
290 316 78 147 118 281 212 157 279 278 128
291 287
292 44 175 283 284 324 84 224 223 199 310
293 230 95 206 76 218 213 75 214 266 71
294 308 249 315 295 250 301 318 204 192 193
295 315 294 308 249 301 250 318 204 192 286
296 323 165 253 171 180 122 276 87 259 282
297 202 258 176 138 38 22 60 16 28 314
298 325 306 313 245 285 216 77 201 170 174
299
300
301 318 295 308 249 250 294 315 311 193 286
302
303
304 331 305 227 319 226 133 11 191 261 238
305 319 331 304 227 101 226 239 102 258 220
306 325 285 245 313 298 216 77 201 170 174
307 123 97 271 102 12 46 69 187 52 5
308 318 294 249 295 315 301 250 204 192 286
309 272 113 99 183 228 178 96 160 69 189
310 282 165 101 122 225 253 239 8 108 226
311 286 193 192 270 250 301 131 81 149 150
312 321 39 113 253 255 235 258 46 180 122
313 325 306 245 285 298 216 170 77 201 174
314 258 99 83 39 259 253 38 97 176 180
315 295 294 308 249 250 301 318 204 192 286
316 278 279 281 290 203 212 197 147 78 128
317 39 229 108 119 178 31 25 186 125 38
318 308 249 301 250 295 294 315 311 193 286
319 305 227 304 331 226 261 220 133 190 239
320 174 84 83 325 306 175 270 245 285 45
321 65 312 64 48 116 46 113 201 77 170
322 140 211 278 279 197 128 118 78 147 82
323 296 39 171 253 180 282 87 276 119 108
324 175 284 84 83 81 44 247 292 174 200
325 306 245 313 285 298 216 77 170 201 174
326 248 188 233 134 232 12 98 13 74 49
327 330 141 150 278 279 85 79 118 132 128
328 154 234 110 155 102 261 296 220 111 144
329 242 18 125 109 26 94 114 0 20 164
330 327 141 150 278 279 85 79 118 132 128
331 304 305 226 319 133 227 36 4 100 166
332 273 34 275 274 168 264 231 222 241 33
